X	Y	DBH	HT
76.15	0.3	17.02	12.5
83.46	0.61	11.94	5.79
30.12	0.91	9.91	9.14
52.07	0.91	14.48	10.67
154.18	0.91	22.61	15.54
31.65	1.22	10.41	9.75
159.97	1.22	19.81	13.41
188.92	1.22	19.81	15.54
196.85	1.52	12.7	10.97
41.1	1.83	20.07	17.37
177.34	1.83	21.08	17.37
41.71	2.13	20.07	16.46
55.73	2.44	14.48	12.19
178.56	2.44	19.81	16.76
78.59	2.74	21.34	15.85
175.51	2.74	13.72	10.06
145.03	3.35	18.54	12.5
43.54	3.66	11.68	11.58
154.48	3.96	20.07	15.24
82.24	4.57	19.3	15.54
87.12	5.18	27.94	20.73
67.61	5.49	14.48	11.89
141.68	5.49	19.56	10.67
20.07	5.79	18.29	14.33
119.43	5.79	16.51	13.11
60.3	6.1	18.54	13.41
74.93	6.71	16.76	14.02
33.17	7.01	17.78	13.41
73.1	7.01	19.81	16.15
191.06	7.01	13.46	11.89
1.78	7.32	19.56	11.89
130.1	7.62	17.53	13.11
69.75	7.92	19.3	16.15
194.72	8.23	74.17	32.92
46.89	8.84	21.84	16.46
122.48	9.14	24.13	17.37
44.45	9.75	21.08	13.41
179.78	10.06	14.48	11.89
17.63	10.36	18.29	14.33
132.54	10.36	11.94	10.06
151.43	10.36	16	12.19
60.6	10.67	24.38	18.9
179.17	10.67	13.21	11.58
156.01	11.28	17.53	10.97
97.18	11.58	25.65	17.07
138.63	12.19	13.72	8.23
150.22	12.5	12.19	10.67
30.43	12.8	11.68	11.58
71.58	13.11	15.24	13.41
103.89	13.11	14.99	13.11
97.48	13.72	27.94	18.9
13.97	14.02	18.03	14.02
116.69	14.33	12.45	11.58
18.54	14.63	17.78	13.11
16.1	14.94	11.68	9.14
112.42	15.24	23.11	15.54
67.61	15.54	18.8	13.72
183.13	15.85	14.48	11.89
188.92	16.15	17.27	12.5
82.24	16.46	15.75	10.06
150.52	16.46	11.43	8.84
38.35	16.76	16.51	13.72
110.29	16.76	19.3	14.63
12.14	17.07	15.75	11.58
191.97	17.07	16.51	14.02
170.64	17.37	12.95	13.11
90.78	17.68	17.78	12.5
188.62	17.68	19.3	12.5
45.06	18.29	15.24	12.19
169.72	18.29	13.72	10.06
171.25	18.59	16.51	14.02
147.17	18.9	12.45	9.45
184.35	18.9	11.94	11.28
145.03	19.2	16.76	10.67
115.47	19.51	16.26	12.5
41.4	19.81	16.26	10.67
195.33	20.12	26.92	18.59
200.2	20.42	18.8	15.24
93.52	20.73	13.46	11.28
51.76	21.03	16.76	14.63
181.91	21.03	18.8	13.11
145.95	21.34	13.46	10.36
185.27	21.34	11.94	13.41
65.18	21.64	15.24	12.19
142.29	21.64	11.94	10.67
41.71	22.56	11.43	9.45
142.9	22.56	21.84	15.85
197.15	22.56	14.48	14.33
176.43	22.86	16	11.28
68.22	23.16	19.56	16.46
107.54	23.16	15.75	13.11
124.31	23.47	12.7	10.67
59.99	23.77	27.43	17.37
34.09	24.08	11.68	10.97
105.71	24.08	15.75	11.58
168.5	24.38	22.61	14.63
26.16	24.69	18.03	13.41
156.01	24.99	13.21	10.36
196.24	25.3	14.22	14.63
44.14	25.6	13.72	10.36
74.62	25.6	11.94	10.36
180.7	25.6	14.48	12.5
92.61	25.91	12.95	11.28
176.73	25.91	13.97	10.97
93.22	26.21	16.51	13.11
167.89	26.21	13.72	11.89
22.5	26.52	18.29	14.63
115.16	26.52	20.32	14.63
193.19	26.52	41.66	19.51
131.93	26.82	25.91	16.15
31.04	27.13	16.26	12.8
87.73	27.13	25.4	17.07
180.7	27.13	15.24	11.58
45.97	27.43	14.73	12.5
30.73	28.35	15.24	11.28
73.1	28.35	10.16	11.89
35.92	28.65	13.46	14.02
74.32	28.65	15.49	13.11
199.59	28.65	14.22	13.41
56.34	28.96	14.73	10.36
178.26	28.96	11.43	9.45
62.74	29.26	12.45	11.89
196.85	29.57	17.78	16.46
114.55	29.87	19.81	16.15
63.65	30.48	13.72	11.89
152.04	30.48	18.03	14.63
38.35	30.78	14.73	13.11
189.53	30.78	15.75	13.11
26.47	31.09	19.05	12.8
109.07	31.39	17.27	14.94
70.97	31.7	14.48	11.28
122.48	31.7	13.72	9.75
124.61	32	14.22	11.58
47.19	32.31	13.46	10.97
61.52	32.92	14.48	10.97
181	32.92	11.94	9.45
135.28	33.22	20.57	14.02
195.63	33.22	16	13.72
82.85	33.53	12.45	9.45
159.66	33.53	21.59	13.72
67.31	33.83	15.24	13.11
88.95	33.83	14.22	10.36
137.41	34.14	13.46	12.8
15.8	34.44	13.46	11.58
56.95	34.44	22.1	16.46
157.23	34.44	25.65	16.15
131.93	35.05	12.19	10.67
32.56	35.36	18.8	12.8
60.6	35.66	16.26	14.94
187.1	35.97	12.7	12.19
13.06	36.27	16.51	13.72
137.72	36.27	12.45	11.28
194.11	36.58	19.56	14.63
143.81	36.88	20.07	12.8
173.68	37.19	20.32	14.33
6.04	37.49	17.02	10.06
148.08	37.49	14.22	8.53
19.76	37.8	20.32	14.02
93.83	37.8	32.51	18.59
191.36	37.8	15.24	14.33
159.05	38.1	13.97	11.28
192.28	38.4	17.02	15.24
126.14	38.71	13.21	10.67
60.91	39.01	21.08	13.11
108.46	39.01	12.45	12.5
103.58	39.32	11.43	11.28
188.62	39.32	23.37	16.15
57.56	39.62	12.7	15.24
115.77	39.62	20.83	15.24
142.29	39.62	14.48	11.89
166.67	39.62	13.46	9.45
105.71	39.93	19.81	14.33
154.18	40.54	21.08	15.24
57.25	40.84	11.18	11.89
97.48	41.15	13.97	11.28
136.19	41.45	12.7	9.75
11.23	41.76	22.61	17.98
55.73	41.76	18.03	13.72
25.86	42.06	11.43	9.45
72.19	42.37	17.27	15.85
11.23	42.98	9.91	8.23
86.21	42.98	13.97	11.58
124.92	42.98	23.37	15.54
197.15	43.28	14.48	12.5
14.27	43.59	14.99	10.97
99.01	43.59	13.72	11.28
190.14	43.59	14.22	11.89
0.56	44.2	15.49	14.63
97.18	44.2	15.24	11.28
185.57	44.2	25.91	16.76
145.64	44.5	11.43	12.19
172.47	44.5	15.75	14.63
110.29	44.81	16.76	15.54
4.52	45.11	17.78	12.5
64.87	45.11	11.43	10.06
111.81	45.11	18.8	12.8
196.85	45.11	22.1	17.07
40.79	45.42	13.46	12.19
200.51	45.42	14.48	13.72
2.08	45.72	16.51	13.41
172.77	45.72	14.99	11.58
144.73	46.02	11.94	12.5
172.16	46.02	15.75	12.5
149.3	46.33	14.22	11.28
30.43	46.63	18.29	12.8
100.23	46.63	22.1	16.15
29.51	46.94	16	12.8
55.12	47.24	12.45	12.19
110.9	47.24	22.86	16.76
1.17	47.55	14.48	10.97
134.37	47.55	22.86	16.46
179.17	47.55	11.94	10.36
60.3	47.85	11.43	9.75
5.74	48.16	16.26	11.58
30.12	48.46	15.24	11.58
170.33	48.46	21.08	13.72
69.44	48.77	18.03	11.58
94.44	49.07	13.72	11.28
152.65	49.07	21.84	16.76
25.86	49.68	12.7	9.45
100.53	49.68	11.94	11.28
86.82	49.99	26.92	17.37
129.79	49.99	14.99	11.58
198.07	49.99	16.51	13.11
18.85	50.29	20.07	12.19
61.52	50.29	12.19	12.19
187.4	50.29	11.94	11.89
105.41	50.6	15.24	13.11
158.44	50.9	12.95	11.89
188.92	50.9	14.48	11.58
100.53	51.21	19.05	11.89
168.5	51.21	16.51	13.41
59.99	51.51	13.46	13.11
177.95	51.51	16	12.19
185.27	51.82	12.7	12.19
9.4	52.12	13.97	10.97
70.66	52.12	28.19	16.15
73.1	52.43	18.54	14.63
132.23	52.43	13.46	11.28
37.44	52.73	13.46	12.8
89.56	52.73	11.68	11.58
117.6	52.73	12.95	13.11
151.74	53.04	21.59	15.54
172.47	53.04	20.07	13.72
65.48	53.34	15.49	13.72
82.85	53.64	15.24	12.8
182.22	53.64	14.73	12.8
120.65	53.95	17.78	14.94
148.39	53.95	15.49	13.11
82.85	54.25	17.02	12.5
174.29	54.25	15.49	12.8
106.32	54.56	17.53	16.46
197.46	54.56	12.7	8.53
18.85	54.86	12.19	10.06
64.57	54.86	11.68	10.67
84.07	54.86	12.45	11.58
138.02	55.17	17.53	13.41
45.97	55.47	12.45	11.89
104.19	55.47	11.94	11.58
127.96	55.78	14.99	13.11
13.97	56.08	11.94	8.53
61.82	56.08	18.8	13.11
108.76	56.08	11.43	12.5
28.3	56.39	16.26	11.58
43.84	56.39	12.45	11.28
135.89	56.39	14.99	12.19
10.31	56.69	11.68	8.84
107.85	56.69	21.08	17.07
147.47	56.69	30.99	19.2
156.62	57	16.51	14.94
51.16	57.3	16	12.8
176.12	57.3	13.21	12.8
41.4	57.61	11.68	9.14
52.07	57.61	13.21	11.89
154.48	57.61	14.48	14.02
99.62	58.83	11.68	9.45
84.68	59.44	16.51	12.19
159.66	59.44	16	14.02
119.13	59.74	17.02	14.63
173.68	59.74	13.21	11.28
10.01	60.35	15.24	10.67
140.46	60.35	20.32	16.15
97.48	60.96	18.29	12.19
184.05	60.96	11.43	11.28
102.36	61.26	12.45	8.23
128.27	61.26	15.75	12.8
183.74	61.26	22.61	15.85
90.47	61.57	16	11.58
188.92	61.57	19.81	9.14
35.61	61.87	13.72	8.84
148.69	61.87	16.76	11.89
195.33	61.87	15.75	13.72
50.55	62.18	16	11.58
80.72	62.18	26.42	15.24
159.66	62.18	19.81	15.54
21.28	62.48	16	10.36
55.73	62.48	23.37	10.36
11.53	63.4	15.75	12.5
52.98	63.4	16	10.97
141.99	63.4	13.21	9.45
53.9	63.7	11.43	8.23
106.02	63.7	14.22	7.92
92	64.01	16	11.28
88.04	64.62	11.68	11.28
33.17	64.92	11.68	9.45
91.39	64.92	17.02	11.28
32.87	65.23	18.29	9.75
179.48	65.23	68.58	15.85
100.23	65.53	13.21	7.62
119.43	65.84	13.21	7.92
190.45	66.14	12.45	8.84
51.16	66.75	15.49	11.58
62.74	67.06	14.48	13.11
2.08	67.36	26.16	13.11
52.37	67.36	16.26	11.89
114.25	67.36	22.86	13.11
149.91	67.36	45.72	22.86
60.6	67.67	18.54	13.11
200.51	67.97	15.24	10.36
198.98	68.58	18.8	11.58
73.1	68.88	21.59	12.8
160.27	69.19	14.48	11.28
25.25	69.49	11.43	8.23
139.85	69.49	12.95	9.14
86.21	69.8	13.97	8.53
45.06	70.41	14.99	12.8
3.61	70.71	12.19	10.36
51.16	70.71	23.62	14.02
138.33	70.71	16.26	10.06
91.08	71.32	12.95	9.45
9.09	71.63	12.19	11.58
6.96	71.93	11.68	9.45
41.71	71.93	13.72	16.15
63.65	72.54	11.43	9.45
188.92	72.54	12.7	10.67
17.02	72.85	22.61	16.46
134.06	73.15	25.65	18.9
56.34	73.46	22.1	15.24
81.33	73.76	13.97	7.92
147.47	74.07	11.43	9.75
191.36	74.07	19.81	13.41
102.97	74.37	33.02	24.08
21.28	74.68	14.99	11.89
62.74	74.68	17.27	13.41
136.5	74.68	11.18	11.58
49.02	75.29	15.75	12.19
143.2	75.29	26.16	9.45
151.43	75.59	17.78	14.02
73.41	75.9	14.99	10.36
124.61	76.2	30.48	17.37
83.16	76.5	17.78	11.28
108.46	76.81	20.57	15.54
169.72	76.81	22.61	17.37
75.84	77.11	15.75	14.02
95.66	77.11	19.05	11.58
126.44	77.11	23.88	17.37
82.55	77.42	14.73	10.67
26.77	77.72	16.76	13.41
135.58	78.03	16.76	11.89
2.08	78.33	16.26	11.58
178.87	78.33	16.51	16.15
138.94	78.64	23.88	9.14
44.14	78.94	12.45	10.36
144.42	78.94	21.34	18.59
42.62	79.55	14.99	15.85
42.01	79.86	17.78	14.63
81.64	79.86	18.03	11.89
147.47	79.86	13.46	11.89
43.23	80.16	24.13	15.85
167.89	80.16	11.68	10.06
144.12	80.77	21.84	15.85
48.41	81.38	11.94	10.67
69.14	81.99	17.78	11.28
91.69	82.3	25.15	16.15
27.69	82.91	21.34	14.02
148.39	83.21	12.95	10.67
125.22	83.52	17.02	13.72
92.91	83.82	17.02	14.02
133.45	83.82	17.53	12.8
62.13	84.12	16.76	12.8
111.81	84.43	17.02	11.58
4.83	84.73	16.26	10.97
132.54	84.73	13.21	10.97
69.75	85.04	16.76	11.28
144.42	85.04	19.3	12.8
173.38	85.04	11.68	9.14
16.71	85.34	15.75	13.72
122.48	85.34	24.89	16.76
154.18	86.26	12.95	10.67
99.01	86.56	25.91	14.33
172.47	86.56	13.72	10.06
3.3	86.87	11.94	10.67
71.88	87.48	22.86	11.28
111.81	87.78	25.4	14.63
18.24	88.09	17.53	11.89
94.74	88.09	14.22	9.75
167.89	88.39	20.83	17.98
49.33	89	16.51	10.97
117.6	89	28.45	15.85
34.39	89.31	18.29	10.36
61.82	89.61	18.03	13.72
105.71	90.22	19.81	16.46
21.89	90.53	25.15	15.54
127.05	90.53	14.48	8.53
173.38	90.53	25.65	15.85
45.67	90.83	26.42	17.68
100.23	90.83	16	11.28
48.11	91.14	21.34	13.11
199.59	91.14	19.3	16.15
107.24	91.44	19.81	13.41
33.17	91.74	11.94	10.67
98.4	92.05	16.51	11.89
100.84	92.66	25.15	15.54
171.25	92.96	14.99	12.5
89.86	93.27	13.21	10.06
31.65	93.57	14.73	13.11
161.8	93.57	29.72	17.68
17.63	93.88	16	9.75
60.3	94.18	18.03	12.5
79.2	94.49	11.94	10.36
4.52	94.79	12.19	9.45
69.44	95.4	22.86	16.15
172.16	95.4	12.7	9.75
79.2	95.71	18.54	12.8
126.75	95.71	12.19	9.14
63.65	96.01	14.48	9.45
7.87	96.32	12.19	9.45
125.22	96.32	18.29	13.72
92.3	96.62	13.21	7.62
87.73	96.93	21.59	14.94
22.2	97.23	18.29	9.45
6.65	97.54	22.61	12.8
2.08	97.84	13.21	10.36
128.57	97.84	12.7	7.92
56.95	98.15	23.37	15.54
23.42	98.45	15.49	10.67
178.56	98.45	13.97	10.67
20.07	98.76	11.94	8.23
97.18	98.76	11.43	10.06
28.6	99.06	12.7	11.58
49.94	99.36	16	11.58
82.85	99.36	19.3	13.72
69.14	99.67	19.05	12.8
170.94	99.67	20.07	13.41
26.16	99.97	21.84	14.33
180.09	100.28	16.76	11.58
16.1	100.58	12.45	8.84
93.52	100.58	12.95	7.32
15.19	100.89	12.45	9.45
112.42	101.19	25.65	15.24
190.45	101.19	14.48	10.67
144.42	101.5	33.27	16.76
106.32	101.8	22.35	16.15
23.42	102.11	11.43	9.45
189.84	102.11	15.75	13.41
6.65	102.41	18.54	12.19
183.13	102.41	11.94	10.06
48.72	102.72	13.97	10.97
130.1	103.33	12.7	12.8
3.91	103.63	16.51	11.58
25.25	103.63	16.76	11.58
123.09	103.63	13.72	13.11
126.44	103.94	23.88	15.54
116.99	104.24	13.21	9.45
200.81	104.24	21.59	14.63
2.08	104.55	18.29	10.97
77.06	104.55	15.24	11.58
186.79	104.55	13.46	10.67
121.26	104.85	24.13	17.07
37.13	105.16	11.94	7.62
113.33	105.16	23.88	11.58
64.26	105.46	17.78	12.5
56.03	105.77	18.29	12.19
166.06	106.07	12.7	11.89
118.52	106.38	29.97	17.98
156.01	106.38	22.35	13.41
3	106.68	12.19	9.75
136.8	106.68	20.83	10.97
166.67	106.68	18.54	14.94
1.47	107.29	13.46	10.67
112.72	107.29	11.68	8.53
51.76	107.59	27.94	13.41
190.45	107.59	12.7	11.28
176.43	107.9	17.27	14.94
175.82	108.2	17.02	14.63
14.58	108.51	11.43	10.06
62.74	108.51	17.02	10.97
19.76	109.12	14.22	12.8
76.76	109.42	17.02	13.72
39.88	109.73	12.7	7.32
78.59	109.73	27.94	18.9
47.8	110.03	14.73	10.06
123.39	110.34	14.99	13.72
137.11	110.64	22.61	15.54
15.8	110.95	15.49	10.97
54.81	110.95	23.88	14.94
159.05	110.95	11.18	9.75
159.97	111.25	15.24	11.58
122.78	111.56	20.32	14.02
49.02	112.78	11.68	3.96
107.85	112.78	17.53	10.06
56.34	113.08	17.27	13.72
18.24	113.69	22.35	13.41
172.47	113.69	13.97	13.11
129.49	114	16.51	14.02
113.03	115.21	13.72	9.45
65.79	115.52	12.45	9.14
12.14	115.82	39.12	19.51
103.58	115.82	28.19	15.85
189.53	115.82	12.19	8.53
186.18	116.13	21.84	16.15
20.37	116.43	18.03	11.89
147.47	116.43	15.24	14.63
115.47	116.74	12.7	8.53
37.13	117.04	13.21	10.67
106.32	117.04	16.26	11.28
76.15	117.35	12.7	9.45
56.64	117.65	18.03	13.41
152.65	117.65	21.59	16.46
49.33	118.26	18.29	11.89
148.69	118.26	21.08	17.98
75.84	118.57	14.22	9.75
147.17	118.57	26.16	18.29
171.55	118.57	13.97	10.36
18.54	118.87	12.45	8.53
60.91	118.87	18.54	12.8
120.34	118.87	19.56	15.54
61.52	119.18	12.95	10.36
107.85	119.18	26.42	18.9
33.48	119.48	14.22	11.28
25.25	119.79	12.95	10.97
34.39	120.09	30.99	16.46
85.6	120.09	13.21	8.84
192.89	120.4	24.38	15.24
195.02	120.7	62.74	28.65
74.02	121.31	17.53	13.72
145.95	121.31	12.7	8.84
45.97	121.62	13.46	10.06
83.46	121.92	23.37	18.29
190.45	121.92	84.07	26.21
30.73	122.22	14.48	12.8
113.64	122.22	23.88	20.42
34.39	122.53	16	13.11
0.25	123.14	14.99	7.92
110.29	123.75	27.94	17.98
114.86	124.05	21.34	17.37
22.5	124.36	22.86	14.63
37.74	124.66	21.34	14.63
70.66	124.97	18.29	13.41
109.07	125.58	17.78	13.72
76.15	126.19	13.72	11.89
90.47	126.49	27.43	18.29
122.17	127.1	30.99	21.64
5.74	127.71	23.62	16.46
67.61	127.71	19.05	15.24
29.82	128.02	36.58	21.64
0.56	128.93	12.7	7.92
63.65	128.93	21.08	17.07
182.22	128.93	14.99	13.11
72.49	129.24	13.72	11.58
107.85	129.24	13.46	11.28
70.05	129.54	16.26	12.8
88.34	129.54	16.26	13.11
90.47	129.84	26.16	17.98
157.84	130.15	11.43	14.33
10.62	130.45	23.37	19.2
156.62	130.45	19.56	17.07
61.82	130.76	20.07	15.24
131.32	131.06	23.62	14.33
164.85	131.06	16.26	14.02
152.96	131.98	35.05	20.73
67	132.28	32	19.51
183.74	132.28	22.1	16.46
84.68	132.59	16.51	13.11
130.4	132.59	23.11	14.63
112.42	132.89	41.66	18.59
34.7	133.2	34.29	21.34
126.44	133.2	27.69	16.46
179.48	134.72	23.88	18.9
48.41	135.03	24.64	16.15
113.03	135.33	23.37	14.33
200.51	135.64	26.67	21.64
16.1	136.25	13.46	11.89
140.46	136.25	52.32	21.95
175.82	136.86	14.99	14.02
17.93	137.16	17.02	14.94
178.56	137.16	24.13	18.9
93.52	137.46	14.99	12.5
186.18	137.46	22.1	18.59
84.99	137.77	14.99	10.67
177.04	138.68	15.49	13.41
13.36	139.29	17.27	14.63
136.19	139.29	27.94	19.51
190.75	139.6	18.8	17.07
159.66	139.9	16	13.41
107.85	140.21	31.75	19.2
65.79	140.51	20.32	16.15
70.97	140.82	20.07	17.98
195.63	140.82	14.73	11.28
75.23	141.43	14.73	13.72
197.46	141.73	15.49	12.8
39.88	142.04	19.05	14.63
8.79	142.34	17.53	14.63
120.04	142.34	30.99	16.76
59.38	143.56	17.27	14.94
192.28	143.56	21.34	13.72
9.09	144.17	18.54	14.63
59.08	144.78	14.48	14.33
160.88	144.78	54.86	29.26
20.07	145.69	15.75	14.63
66.7	145.69	18.03	12.8
81.64	146.3	18.8	15.54
29.51	147.22	23.37	14.63
3.61	147.52	22.86	11.89
49.94	147.52	18.54	15.24
172.16	147.52	17.02	11.58
23.42	148.13	14.99	12.8
177.95	148.13	24.38	15.24
26.16	148.44	13.97	10.67
191.36	148.44	13.72	8.84
56.64	149.05	15.24	11.89
118.21	149.35	20.83	14.63
128.57	149.96	27.43	19.51
10.62	150.27	13.46	13.11
197.15	150.27	15.75	11.58
56.34	150.57	17.02	14.02
48.11	151.18	14.73	12.8
53.29	151.49	24.13	16.76
189.53	151.49	18.54	12.5
67	151.79	19.81	14.33
30.12	152.1	24.38	16.15
0.56	152.7	21.59	13.72
12.14	153.01	15.75	14.33
27.99	153.31	20.32	14.02
9.09	153.62	22.1	17.98
20.68	153.92	12.95	10.06
79.81	154.23	21.59	18.29
43.23	154.53	11.94	11.89
54.2	154.53	21.59	17.68
132.23	154.53	20.83	17.07
7.87	154.84	13.72	10.36
83.16	154.84	11.43	10.67
50.24	155.75	18.54	16.76
69.75	156.36	20.57	15.85
62.13	156.97	16.26	14.94
24.03	157.28	15.75	15.54
86.21	157.58	19.05	19.51
76.15	157.89	23.62	18.29
60.6	158.19	15.75	14.63
48.11	158.5	14.73	12.8
95.35	158.5	28.7	17.37
17.63	158.8	13.46	10.36
132.54	159.72	68.58	25.3
10.01	160.02	16.26	14.94
71.27	160.32	37.59	20.42
124.31	160.32	13.72	12.5
59.08	160.63	18.29	15.24
137.41	160.63	27.43	16.46
7.57	161.24	16.26	13.11
77.06	161.54	19.05	13.41
82.24	162.15	18.54	15.85
21.59	162.46	12.19	10.67
152.65	162.46	83.31	29.26
4.22	162.76	17.53	14.33
73.41	163.07	28.19	17.98
167.28	163.37	17.78	13.41
65.48	163.98	17.78	13.11
56.95	164.29	22.61	17.37
120.04	165.51	17.02	17.07
26.16	166.12	14.48	13.11
52.98	166.42	18.8	15.54
124.92	166.42	14.99	13.41
50.55	166.73	15.49	13.72
65.79	167.03	13.46	10.36
32.56	167.34	18.29	13.11
186.49	167.34	11.68	9.14
41.1	167.64	16.76	14.02
110.29	167.64	67.82	22.86
63.35	167.94	15.75	12.19
8.48	168.25	15.49	14.63
58.78	168.55	19.81	16.15
141.07	168.55	49.53	22.56
40.49	168.86	13.21	10.97
52.98	168.86	14.22	11.28
88.04	169.16	18.03	11.28
42.32	169.47	17.53	11.89
149.3	169.47	12.7	9.75
17.02	169.77	12.95	10.36
173.99	169.77	66.55	28.96
20.98	170.38	11.43	11.28
177.65	170.38	53.09	28.35
18.24	171.91	11.94	10.67
56.64	171.91	13.21	11.28
117.91	172.21	21.34	16.15
77.67	172.82	13.72	12.19
75.23	173.43	16.51	12.8
46.28	173.74	19.05	13.11
184.66	173.74	11.94	9.75
67	174.35	13.46	12.5
195.02	174.35	16.26	13.72
82.55	174.65	13.97	9.75
145.64	174.96	22.86	15.54
74.32	175.26	14.73	9.14
67.61	175.56	16.76	14.63
3.3	175.87	14.48	11.28
49.63	175.87	12.45	10.97
92.61	175.87	14.73	12.19
153.26	175.87	16.76	13.11
108.76	176.17	17.27	16.46
63.96	176.48	25.15	16.76
119.43	176.48	23.88	20.12
30.12	177.09	28.7	15.85
83.77	177.09	14.73	10.67
123.7	177.09	19.3	19.2
53.9	177.7	12.95	10.97
105.1	178	13.21	10.67
74.32	178.92	13.21	9.45
193.8	178.92	21.34	16.15
49.94	179.22	13.72	12.19
42.93	179.53	13.72	10.36
132.23	179.53	12.19	12.8
162.1	179.83	28.96	18.59
68.22	180.14	16.76	10.67
24.03	180.44	20.83	15.54
117.91	180.75	14.22	14.33
22.5	181.05	18.8	13.41
152.35	181.36	34.04	18.29
11.53	181.66	22.35	14.33
62.43	181.66	17.27	14.02
16.71	181.97	19.3	17.07
150.22	182.27	22.61	16.46
14.88	182.88	19.05	14.33
23.11	183.18	12.19	12.19
182.22	183.79	19.3	17.37
50.55	184.4	20.83	14.63
141.99	184.4	20.83	14.94
3.91	184.71	15.24	11.89
184.66	184.71	19.05	15.24
57.56	185.01	16	12.8
25.25	185.32	18.29	14.94
30.43	185.32	18.03	14.94
150.82	185.32	20.32	16.15
115.77	185.62	62.48	26.82
120.04	185.93	18.03	13.41
169.42	185.93	16.26	14.02
102.97	186.23	18.54	14.33
174.6	186.23	17.78	15.54
125.22	186.84	18.29	13.72
67.61	187.15	26.16	17.37
2.08	187.45	11.68	10.97
141.99	187.76	58.42	24.69
28.9	188.06	19.81	14.63
30.43	188.37	18.29	14.63
161.19	188.67	18.54	16.15
186.79	188.98	17.78	15.24
8.79	189.28	20.57	14.94
111.51	189.59	12.95	12.19
22.81	190.2	16	13.11
159.36	190.2	20.83	17.07
7.57	190.5	12.7	10.97
110.59	190.5	19.56	12.8
10.92	190.8	12.7	9.75
175.82	190.8	28.19	18.59
17.93	191.11	14.22	12.19
50.85	191.11	18.29	14.63
75.23	191.72	28.7	17.98
56.03	192.02	19.81	15.85
57.56	192.33	25.15	18.29
95.05	192.63	17.27	10.97
65.48	192.94	11.43	9.75
183.13	193.24	28.96	17.37
10.92	193.85	15.24	12.8
147.17	193.85	13.97	12.19
6.35	194.16	16	11.89
76.76	194.16	27.94	18.29
89.56	194.46	23.88	18.29
190.75	194.77	20.57	14.63
43.23	195.07	18.8	14.63
11.23	195.38	12.95	10.67
167.28	195.38	16	14.94
94.44	195.99	16.51	11.58
1.47	196.29	15.49	13.11
25.86	196.6	19.81	15.24
97.79	196.6	23.11	17.98
27.38	196.9	14.99	12.19
153.57	196.9	20.07	17.68
18.24	197.21	11.43	9.14
122.17	197.21	17.53	13.11
70.36	197.51	19.56	14.02
115.16	197.82	23.37	16.15
58.47	198.12	19.05	16.15
119.74	198.42	24.38	16.76
81.03	198.73	22.61	19.81
65.18	199.34	18.03	13.11
48.41	199.64	22.1	15.24
12.75	199.95	12.95	12.8
70.05	0	23.62	19.81
0.56	0.3	21.34	11.58
136.19	0.61	13.97	11.28
39.88	0.91	21.08	17.68
53.59	0.91	14.99	12.8
180.7	0.91	15.49	13.72
81.03	1.22	24.38	17.07
170.64	1.22	22.35	16.46
1.17	1.83	13.21	12.5
57.56	1.83	11.94	8.23
48.41	2.13	12.19	9.45
187.1	2.13	12.45	12.5
129.79	2.44	11.18	11.28
86.82	2.74	24.89	19.2
66.7	3.05	13.97	11.28
59.38	3.35	12.19	9.75
186.49	3.35	13.46	13.41
70.05	3.96	19.81	15.54
181.91	3.96	17.78	14.63
0.56	4.57	18.29	15.54
73.41	4.88	17.02	14.33
172.16	4.88	21.84	13.41
120.95	5.18	17.27	14.33
89.86	5.49	19.3	17.07
152.35	5.49	20.83	13.72
35.31	5.79	11.43	10.36
84.68	6.1	13.21	11.89
150.22	6.1	12.7	9.45
36.52	7.01	13.46	12.5
140.16	7.62	13.72	9.75
78.28	7.92	27.18	19.2
47.8	8.23	20.83	17.07
149	8.53	16.76	12.19
166.98	8.53	69.09	28.65
16.1	8.84	26.16	15.24
131.62	8.84	12.7	10.97
72.19	9.14	20.07	14.02
133.45	9.14	16.26	13.41
68.53	9.45	12.95	12.19
65.79	9.75	16.51	11.89
200.81	9.75	45.47	22.25
25.25	10.06	14.22	12.19
68.22	10.06	21.08	15.24
61.21	10.36	24.89	14.63
142.29	10.36	13.97	11.58
13.66	10.67	12.45	7.32
20.68	10.97	19.3	14.02
151.43	10.97	14.73	11.58
180.7	10.97	13.21	12.5
184.96	11.28	14.22	11.58
150.22	11.58	12.45	10.36
117.3	12.19	19.81	14.33
177.04	12.19	23.62	16.46
54.2	12.8	11.43	10.36
77.67	13.11	15.24	13.41
181.91	13.11	18.29	14.63
33.78	13.41	13.46	10.97
173.38	13.72	15.24	11.89
21.89	14.02	16	10.97
42.01	14.63	12.95	9.45
184.05	14.63	19.81	14.94
92.61	14.94	12.7	10.06
171.86	14.94	15.24	12.8
150.82	15.85	17.78	12.8
16.71	16.15	13.46	10.97
131.32	16.15	14.73	11.58
86.51	16.46	17.02	9.14
166.06	16.46	14.99	14.02
42.01	16.76	20.32	14.63
159.36	16.76	11.68	10.67
193.19	16.76	17.53	13.72
22.5	17.07	12.45	10.06
158.14	17.07	16.76	12.19
145.34	17.68	18.54	12.19
165.46	17.98	12.45	10.97
87.43	18.29	14.73	9.45
197.46	18.59	13.72	13.72
104.19	18.9	19.05	14.33
155.7	18.9	11.68	9.45
82.55	19.2	11.94	10.36
152.04	19.2	11.43	10.36
55.73	19.51	11.68	10.36
117.3	19.51	23.62	15.54
197.46	19.51	16.76	14.02
153.87	19.81	15.49	12.8
13.36	20.42	17.02	13.72
125.53	20.42	12.45	9.75
187.71	20.73	11.43	11.89
14.58	21.03	15.49	12.8
7.26	21.64	12.7	13.72
79.81	21.64	13.72	10.36
164.54	21.64	17.02	12.19
50.85	21.95	18.29	15.54
82.24	21.95	11.43	10.36
129.49	22.25	17.53	10.36
30.73	23.16	13.21	10.97
191.36	23.16	11.68	10.36
196.24	23.47	13.21	14.02
7.26	23.77	13.97	14.02
70.97	24.08	12.7	11.89
124.61	24.08	12.45	10.67
7.87	24.69	18.29	13.72
28.9	24.69	11.43	10.97
120.04	24.69	12.7	10.97
122.48	24.99	15.24	11.89
14.88	25.6	12.19	10.67
159.97	25.6	16	12.19
1.78	25.91	22.1	14.33
51.76	25.91	14.73	11.89
102.97	25.91	20.83	13.11
192.89	25.91	18.54	17.07
133.76	26.21	11.68	9.45
8.79	26.52	23.37	14.02
74.32	26.52	13.97	15.24
135.28	26.52	11.94	10.06
99.01	26.82	11.68	9.14
152.65	26.82	23.88	13.41
175.51	27.43	16.51	12.19
23.42	27.74	14.48	12.19
127.96	27.74	13.97	11.89
35	28.04	14.99	14.94
98.7	28.04	12.19	9.75
149.91	28.35	13.72	10.36
172.16	28.65	13.97	12.8
133.76	28.96	16.26	9.75
128.57	29.57	12.19	10.67
169.72	29.57	12.45	7.92
11.23	29.87	23.62	14.63
186.49	29.87	15.49	12.19
17.32	30.18	13.21	14.63
36.83	30.48	14.73	11.89
153.26	30.48	25.4	15.85
139.85	30.78	22.35	16.76
192.89	30.78	12.7	12.19
15.49	31.09	15.24	15.85
60.6	31.09	11.68	11.58
102.06	31.09	11.68	8.53
188.92	31.39	12.95	11.89
100.53	31.7	12.19	9.75
198.68	31.7	14.22	13.11
17.02	32	14.48	11.89
163.93	32	22.61	15.54
51.16	32.92	18.54	13.41
98.4	32.92	13.97	12.5
188.32	32.92	13.46	13.11
188.01	33.22	15.75	13.41
103.28	33.53	21.59	14.63
31.34	33.83	12.7	9.75
71.27	33.83	16.76	14.02
97.79	33.83	15.24	12.8
174.6	33.83	13.21	10.67
11.84	34.14	17.02	14.02
152.35	34.14	13.21	8.84
43.23	34.44	11.68	10.97
178.56	34.75	24.64	17.07
24.94	35.05	18.8	15.24
194.11	35.05	15.24	13.41
100.84	35.66	11.68	10.06
172.16	35.97	19.81	14.63
152.35	36.27	19.05	14.94
88.34	36.88	13.97	11.58
186.79	36.88	12.7	11.89
51.76	37.19	13.21	13.41
138.33	37.19	14.73	12.19
155.7	37.49	10.16	8.84
35.31	37.8	13.21	10.97
154.48	37.8	15.75	12.5
35.92	38.1	12.19	10.36
200.2	38.1	10.67	10.97
159.66	38.71	14.73	11.58
84.38	39.01	13.72	10.67
130.1	39.01	13.97	10.97
100.23	39.32	14.73	11.28
144.73	39.32	18.03	13.41
60.6	39.62	13.46	12.19
91.69	39.62	11.68	10.67
124.61	39.62	12.19	11.58
151.74	39.62	15.75	12.19
189.84	39.62	11.43	12.5
54.51	39.93	9.91	12.8
127.66	39.93	11.94	10.06
198.98	40.23	19.81	17.07
44.14	40.54	16.51	13.41
107.85	40.54	11.68	10.36
160.27	41.15	18.29	13.11
8.48	41.45	11.68	8.23
93.22	41.45	16.51	10.97
145.34	41.45	17.53	14.02
201.12	41.45	16.51	13.11
17.02	41.76	17.27	12.8
93.52	41.76	12.7	10.36
32.56	42.06	12.95	9.14
162.41	42.06	14.99	11.28
2.69	42.37	16.51	14.02
89.56	42.37	30.48	16.76
113.03	42.37	12.19	13.41
113.03	42.67	14.73	12.19
145.34	42.67	16.51	14.02
32.87	42.98	17.02	11.28
93.83	42.98	17.27	13.41
145.03	42.98	15.75	13.72
47.19	43.28	30.48	17.68
10.31	43.59	14.73	10.97
15.49	43.59	21.08	14.63
20.68	44.2	18.03	13.11
115.16	44.2	11.68	10.97
150.22	44.2	12.45	8.23
57.56	44.5	11.43	13.11
157.23	44.5	13.21	10.36
51.46	44.81	14.22	11.58
118.21	44.81	19.56	13.11
8.18	45.11	18.03	14.02
74.32	45.11	13.21	13.41
51.16	45.42	16.26	10.06
22.2	46.02	12.45	9.45
158.14	46.02	19.3	14.63
40.49	46.33	16.76	10.36
61.52	46.63	12.45	10.06
114.55	46.63	14.73	13.41
63.35	46.94	12.19	9.45
177.65	46.94	12.45	12.5
21.89	47.24	11.94	8.53
73.41	47.24	24.89	15.54
166.37	47.24	15.49	14.63
33.78	47.55	11.43	10.36
145.95	47.55	17.78	13.11
190.75	47.55	14.48	11.89
37.74	47.85	13.46	8.84
174.29	47.85	11.68	11.58
82.24	48.16	12.45	9.14
88.04	48.46	16.26	12.5
41.1	48.77	12.19	10.36
103.28	48.77	15.24	15.54
105.41	49.07	14.73	12.8
180.7	49.07	11.68	11.28
29.82	50.29	12.7	10.06
68.22	50.29	14.99	11.89
106.93	50.29	13.72	13.72
40.18	50.9	22.61	14.94
158.75	50.9	13.46	12.19
12.75	51.21	12.19	10.06
103.28	51.21	14.99	12.8
172.77	51.21	17.02	13.72
94.44	51.51	36.83	17.68
104.8	51.82	14.22	13.41
10.31	52.12	13.72	11.28
89.86	52.12	12.19	11.89
22.5	52.43	13.46	9.75
143.51	52.43	24.38	16.46
1.47	52.73	16.51	11.58
46.28	52.73	14.48	10.67
184.96	52.73	15.24	12.8
124.31	53.04	24.38	16.76
188.01	53.04	12.7	12.19
154.48	53.34	21.08	14.63
64.87	53.64	14.48	13.11
182.83	53.64	11.68	12.19
130.71	53.95	15.24	13.72
162.71	53.95	13.97	12.5
118.82	54.25	16.26	15.54
186.79	54.25	14.48	11.58
172.16	54.56	18.54	14.63
49.63	54.86	19.81	14.02
100.53	54.86	11.68	9.14
151.74	55.17	12.19	12.19
69.75	55.47	11.68	11.28
129.18	55.47	19.05	14.63
29.51	55.78	16	11.89
166.67	55.78	11.43	10.97
92.61	56.08	16	12.5
141.68	56.08	13.97	12.19
48.11	56.39	11.68	10.06
86.21	56.69	12.7	10.67
123.39	56.69	21.84	16.15
41.71	57	11.68	9.14
67.31	57	19.05	14.63
103.89	57.3	14.73	9.45
130.1	57.3	12.19	12.19
181	57.3	14.73	13.11
86.21	57.61	14.48	10.67
156.62	57.61	11.94	12.5
131.62	57.91	26.92	18.9
163.32	57.91	11.43	10.67
26.16	58.22	14.48	10.36
104.8	58.52	25.15	17.98
154.18	58.52	23.37	17.07
135.28	58.83	17.78	14.63
20.98	59.74	11.43	10.06
164.54	59.74	15.49	14.33
183.13	59.74	14.48	11.89
108.76	60.05	14.73	11.58
81.33	60.35	13.97	8.53
169.42	60.66	22.35	15.54
148.39	60.96	13.97	10.06
76.76	61.26	11.43	8.23
120.34	61.26	14.22	6.4
166.98	61.26	14.48	10.67
130.4	61.57	20.57	16.15
196.24	61.87	13.21	9.75
59.69	62.18	21.08	12.8
123.09	62.18	13.72	10.36
27.08	62.48	22.1	14.02
99.92	62.48	12.45	11.58
161.8	63.09	22.86	17.07
94.13	63.4	12.19	10.36
170.33	63.4	15.49	14.33
6.65	63.7	12.95	11.89
58.17	63.7	13.72	10.67
166.37	63.7	22.61	18.59
186.79	64.01	11.43	8.23
86.21	64.31	19.05	13.11
139.24	64.62	20.83	11.58
37.13	64.92	19.3	12.8
144.12	64.92	19.05	12.5
9.7	65.23	18.54	13.11
198.07	65.23	14.99	10.67
121.87	65.53	13.72	9.75
129.49	65.84	24.38	16.15
55.12	66.45	12.95	10.36
64.26	66.75	14.73	12.5
62.43	67.36	17.27	12.8
129.18	67.36	12.19	10.06
162.41	67.36	56.9	23.77
45.36	67.67	22.61	14.33
171.25	67.67	19.81	15.24
64.26	67.97	18.54	13.41
168.5	68.28	27.18	15.24
47.5	68.58	15.49	11.28
35.31	68.88	11.68	9.75
33.78	69.49	17.27	12.5
173.38	69.49	23.11	18.59
185.57	69.49	17.27	10.06
129.18	69.8	16.76	10.06
37.44	70.1	22.35	12.8
53.9	70.41	16.51	14.33
12.45	71.02	23.37	14.02
35.61	71.63	12.45	8.84
95.05	71.93	26.67	14.94
64.57	72.24	11.43	9.45
118.21	72.54	19.56	13.41
35.31	72.85	17.02	9.14
198.68	72.85	15.24	9.45
66.7	73.15	19.3	12.19
111.81	73.15	14.48	9.14
163.63	73.15	13.97	10.67
12.75	73.76	14.48	12.8
193.19	74.07	16	14.02
72.19	74.37	20.83	14.33
43.84	74.68	12.19	10.67
97.79	74.68	21.08	14.33
172.47	74.98	21.84	16.46
51.16	75.29	22.86	16.46
109.07	75.59	14.48	13.11
168.5	75.59	16.26	13.72
42.62	75.9	14.48	14.33
69.44	76.2	13.72	10.36
138.94	76.2	28.7	10.97
144.12	76.2	12.7	10.97
51.46	76.5	21.59	15.54
149	76.5	13.97	9.45
61.82	76.81	27.94	16.46
141.38	76.81	13.72	10.67
153.87	77.11	20.57	10.67
117.3	77.42	22.86	16.76
67.92	77.72	12.19	11.58
154.79	78.64	73.66	21.95
39.57	79.25	12.7	10.67
67	79.55	18.8	10.06
60.91	79.86	13.72	11.89
102.36	79.86	18.8	9.75
88.04	80.77	17.78	11.89
169.42	80.77	17.27	13.11
25.86	81.69	24.64	16.15
113.33	81.69	26.92	14.94
30.43	81.99	12.19	9.14
81.64	82.91	17.53	12.5
184.96	83.52	17.27	13.11
97.48	83.82	12.95	8.53
173.68	83.82	12.95	10.06
90.47	84.12	13.46	9.45
98.4	84.43	13.46	9.45
191.06	84.43	21.08	16.46
70.97	84.73	17.02	11.89
195.02	84.73	48.77	24.69
163.63	85.04	13.21	10.06
86.82	85.34	15.49	12.5
101.75	85.95	20.83	16.15
165.46	85.95	18.54	14.33
84.38	86.26	16.51	10.67
16.41	86.56	17.78	10.36
149.3	86.56	19.3	13.11
88.65	86.87	14.48	11.58
13.06	87.48	23.62	15.85
127.36	87.48	22.35	14.94
181.3	87.48	60.96	26.52
24.94	88.09	19.81	13.72
102.97	88.09	24.64	15.24
132.84	88.09	22.61	16.76
181.3	88.39	62.74	26.52
64.87	89	15.24	10.06
93.83	89.31	15.24	9.45
156.01	89.61	11.68	10.67
77.37	90.22	15.75	10.36
160.27	90.22	14.73	13.72
59.38	90.53	18.03	10.97
157.53	90.53	14.22	11.58
27.99	90.83	12.45	10.06
57.86	90.83	16.76	10.06
146.25	90.83	22.86	13.72
41.1	91.14	19.3	14.02
19.46	91.44	12.45	9.75
74.93	92.05	18.29	16.15
197.46	92.35	15.49	11.89
156.31	92.66	21.08	13.41
42.32	92.96	18.54	13.72
127.96	92.96	11.43	6.71
9.09	93.27	17.27	11.58
37.13	93.57	16	11.28
187.1	93.57	12.19	10.67
83.16	93.88	23.11	15.54
153.57	94.49	13.21	9.14
110.59	94.79	18.8	13.41
168.5	94.79	21.08	15.85
89.26	95.1	17.53	13.11
90.17	95.4	20.83	14.94
84.07	95.71	11.94	10.67
164.54	95.71	13.21	24.08
72.49	96.01	19.05	23.77
10.31	96.32	13.72	9.75
125.83	96.32	21.84	14.33
41.4	96.62	14.99	10.97
112.42	96.62	23.88	13.72
94.74	96.93	20.83	12.5
51.76	97.23	12.45	9.45
21.28	97.54	14.48	10.97
116.38	98.15	26.92	14.63
176.43	98.15	20.57	14.94
181.3	98.45	15.75	13.41
40.79	98.76	11.94	9.14
137.11	98.76	27.69	15.54
190.45	99.36	11.43	9.14
74.93	99.67	21.34	14.63
98.09	99.97	22.1	17.07
193.5	100.28	21.84	15.54
39.27	100.58	12.7	7.62
184.96	100.58	14.22	12.5
141.38	100.89	28.19	16.76
164.54	101.19	11.43	8.84
185.88	101.5	17.02	11.58
124.31	101.8	15.24	11.28
99.31	102.11	17.02	12.8
56.64	102.41	12.95	8.84
126.75	102.41	15.75	11.58
155.7	102.72	15.24	10.06
72.19	103.02	13.97	10.67
142.6	103.02	12.19	9.14
185.57	103.02	11.68	12.19
108.46	103.33	23.88	16.46
19.76	103.63	15.24	11.28
51.16	103.63	16.51	12.8
3.3	104.24	12.19	9.75
171.55	104.24	15.24	12.19
39.27	104.55	12.19	9.75
89.86	104.55	16	9.14
13.66	104.85	16.26	13.11
173.08	104.85	16.26	13.11
17.63	105.16	12.19	9.45
41.71	105.16	11.94	10.06
24.03	105.46	16.26	11.89
151.13	105.46	18.54	14.94
59.38	105.77	22.86	14.33
171.86	106.07	18.8	11.58
72.8	106.38	12.7	11.58
124.92	106.38	24.13	16.15
29.82	106.68	17.27	11.89
159.66	106.68	22.35	16.15
133.45	106.98	18.8	14.94
127.66	107.29	20.57	14.94
123.7	107.59	25.4	18.29
83.77	107.9	14.99	12.8
179.17	107.9	17.27	12.8
19.76	108.51	19.05	14.33
93.52	108.51	11.43	9.14
141.68	108.81	28.7	17.07
77.37	109.42	20.32	17.98
188.32	109.42	15.75	12.8
45.06	109.73	12.7	8.84
97.18	109.73	16.51	12.19
198.37	110.03	13.72	10.36
30.12	110.34	28.96	15.54
86.51	110.95	11.43	6.4
80.11	111.25	17.27	10.97
24.03	111.56	14.48	11.58
156.31	111.56	19.81	14.94
45.36	111.86	16.51	11.28
59.69	112.17	26.92	16.76
52.37	112.78	20.32	13.72
26.16	113.08	12.45	10.67
169.11	113.08	18.03	13.41
24.94	113.39	16.26	11.28
39.57	113.69	14.99	8.84
30.12	114	12.45	8.53
156.01	114	25.65	17.37
58.47	114.6	12.7	10.97
112.42	114.91	13.21	10.97
44.75	115.21	12.45	7.92
165.46	115.21	16	14.33
50.85	115.52	16.26	11.58
91.39	115.52	27.94	14.33
36.22	115.82	20.57	13.41
136.5	115.82	16.26	13.11
4.22	116.43	25.91	15.24
60.3	116.43	14.22	11.58
171.55	116.43	12.19	10.06
34.7	116.74	12.45	10.97
47.8	117.04	20.83	14.02
144.12	117.04	21.08	15.24
34.39	117.35	12.45	10.97
2.39	118.57	14.99	5.49
185.27	118.57	18.29	15.54
38.35	118.87	21.59	13.72
63.35	118.87	13.21	11.28
98.7	119.18	22.35	17.07
132.54	119.18	8.89	9.14
55.12	119.48	14.99	11.58
51.16	119.79	12.7	9.45
64.57	120.09	11.68	10.36
83.46	120.4	15.49	11.28
47.19	120.7	17.27	11.58
48.41	121.01	19.05	13.41
87.43	121.31	16.26	10.97
167.59	121.31	16	11.28
78.89	121.62	20.83	16.76
43.54	121.92	30.48	18.29
91.39	121.92	13.97	8.53
57.25	122.22	12.45	11.28
10.31	122.53	20.32	13.72
47.8	122.53	12.19	11.89
111.51	122.53	21.34	17.68
5.44	123.75	14.99	12.5
48.72	124.36	17.78	16.76
38.96	124.97	16.51	13.11
77.06	124.97	11.43	9.75
102.97	125.27	24.38	14.63
45.97	125.58	26.92	15.85
20.07	126.49	11.94	11.28
104.8	126.49	25.15	14.94
9.09	126.8	13.97	10.97
20.37	127.41	14.22	12.8
13.36	127.71	22.1	11.58
11.84	128.02	22.61	18.29
200.81	128.02	11.94	9.45
70.36	128.63	22.1	14.94
164.54	128.93	23.88	19.2
6.65	129.24	15.75	14.33
116.99	129.24	22.35	13.41
72.19	129.54	13.72	11.89
66.7	130.15	15.49	12.19
45.06	130.45	17.53	14.02
162.71	130.45	26.16	19.2
78.59	130.76	13.46	10.97
155.4	131.06	14.22	12.8
173.99	131.37	26.16	20.42
106.63	131.67	21.34	14.94
100.53	131.98	18.54	14.94
170.94	131.98	21.34	17.37
3.3	132.59	21.34	17.68
86.51	132.59	28.7	19.2
149.91	132.59	11.43	10.36
1.78	132.89	17.27	12.5
134.37	132.89	40.64	23.77
69.14	133.2	15.24	13.72
187.1	133.2	27.69	20.42
3.3	133.5	18.03	15.24
57.56	134.11	19.81	12.8
46.58	134.72	16.26	13.72
41.4	135.03	16	13.11
43.23	135.64	29.97	10.97
77.06	135.94	11.68	7.62
70.36	136.25	14.99	13.11
164.24	136.25	13.97	13.41
3	137.16	17.78	15.24
47.8	137.16	27.18	19.51
189.84	137.77	13.72	13.41
195.63	138.07	11.94	11.58
2.39	138.38	14.48	11.89
102.06	138.38	21.84	18.59
73.1	138.68	23.37	17.37
13.97	139.29	20.07	15.85
158.14	139.29	23.11	14.94
174.29	139.9	12.19	9.75
10.62	140.21	19.05	16.46
119.13	140.21	18.54	15.54
2.08	140.51	19.05	15.85
108.15	140.51	24.13	16.46
167.89	140.51	25.91	16.76
86.82	141.43	22.35	15.24
116.38	142.34	23.11	16.15
65.48	142.65	13.46	9.75
170.64	142.95	17.78	12.5
178.87	143.26	29.97	20.73
93.52	143.56	30.73	19.81
38.66	143.87	29.97	18.29
5.74	144.17	14.22	14.94
14.88	144.17	20.07	15.54
82.55	144.78	16.76	13.72
90.78	145.39	18.29	13.72
14.88	145.69	14.99	13.41
31.04	145.69	23.88	16.76
191.06	145.69	22.1	10.06
56.64	146	21.84	16.15
109.07	146.61	18.8	17.07
114.86	146.91	17.02	14.63
76.15	147.22	20.57	16.76
13.97	147.52	18.54	13.11
60.91	147.52	26.16	19.81
12.75	148.13	14.99	11.89
48.41	148.13	18.54	14.63
38.96	148.44	13.21	11.28
123.39	149.35	15.75	12.19
27.69	149.66	12.95	11.58
60.3	150.27	12.45	10.97
44.45	150.88	15.75	13.41
125.53	151.18	33.02	21.64
75.23	151.49	24.89	18.9
34.7	153.01	14.99	12.5
71.27	153.31	14.48	13.11
81.64	153.62	25.15	19.2
44.45	153.92	14.48	12.8
127.66	154.23	31.5	22.25
47.19	154.53	23.88	20.42
63.65	154.84	16	14.94
61.82	155.14	25.65	19.2
15.49	155.75	14.48	13.11
86.82	155.75	23.62	17.98
123.39	156.06	26.42	19.81
81.03	156.36	14.99	12.5
92.3	156.67	29.21	19.51
34.39	157.28	16.76	13.41
17.02	157.58	12.45	10.06
102.06	157.58	29.46	19.51
63.65	158.19	12.45	14.33
61.21	158.5	17.53	16.46
127.05	158.5	21.34	15.54
8.18	159.41	16.51	16.15
84.68	159.72	15.49	14.63
75.23	160.32	18.29	16.76
77.98	160.63	23.62	16.15
49.63	160.93	16.51	10.97
50.24	161.24	18.03	11.58
10.31	161.54	16.51	14.94
113.33	161.54	15.49	15.24
63.04	161.85	20.07	15.54
20.07	162.15	18.8	13.41
111.2	162.15	23.37	17.98
44.75	162.46	24.38	14.94
159.97	162.46	11.68	8.53
45.67	163.07	40.64	21.95
54.2	163.37	17.78	16.46
32.56	163.68	17.02	14.02
37.74	164.29	18.03	14.94
83.46	164.29	11.94	7.62
99.92	165.2	22.61	15.85
12.45	165.81	13.21	10.67
44.45	166.42	13.97	13.11
67.61	166.42	15.49	13.72
4.52	166.73	11.94	10.97
67	166.73	18.54	14.02
161.49	166.73	13.72	10.67
87.43	167.03	20.83	14.02
23.11	167.34	14.73	12.19
57.86	167.64	14.73	15.24
118.82	167.64	12.45	14.02
159.66	167.64	11.68	7.01
63.65	167.94	19.56	14.94
11.84	168.25	15.24	12.8
98.4	168.55	22.35	14.63
199.59	168.55	23.11	15.24
5.13	168.86	16.76	14.94
42.32	168.86	18.29	13.72
195.02	168.86	21.59	14.02
12.45	169.47	18.8	13.72
90.47	169.47	20.57	15.24
35	169.77	17.27	12.8
80.72	170.08	20.57	12.19
82.24	170.38	20.07	16.15
42.01	170.69	11.94	10.67
13.36	170.99	28.45	16.15
99.31	170.99	16	14.02
70.66	171.3	19.05	14.02
127.05	171.3	11.68	11.89
169.72	171.3	64.26	25.3
84.38	171.6	14.22	9.14
46.89	171.91	18.29	14.02
73.41	172.52	19.3	13.72
188.32	172.52	20.83	13.11
39.57	172.82	23.88	14.94
88.95	173.43	24.89	14.33
91.39	173.74	19.81	14.02
24.94	174.35	23.62	14.94
10.62	174.96	14.73	12.8
191.97	174.96	25.4	17.07
29.82	175.56	11.94	9.14
195.02	175.56	13.72	11.89
5.13	175.87	15.49	13.41
55.42	175.87	13.97	14.94
129.18	175.87	16.76	13.72
52.07	176.17	14.73	11.89
110.9	176.17	18.03	15.54
90.17	176.48	24.13	16.46
170.03	176.48	21.08	17.98
86.21	176.78	20.32	14.33
30.73	177.09	37.59	24.38
107.24	177.09	16	12.5
101.45	177.39	14.22	14.94
153.87	178	14.73	11.89
69.44	178.31	14.73	10.36
78.59	178.92	15.75	9.75
200.51	179.22	13.46	11.89
49.63	179.53	17.78	13.41
161.19	179.53	13.72	11.28
3.61	179.83	13.72	11.58
188.32	179.83	19.3	15.85
70.05	180.14	22.35	14.33
3	180.44	16	11.58
102.06	180.44	17.02	10.97
2.39	180.75	19.3	13.11
77.37	182.27	21.84	14.63
43.84	182.58	25.15	14.63
48.11	182.88	13.21	10.36
166.67	182.88	21.08	18.29
27.99	183.18	39.88	23.16
58.47	184.4	15.49	13.41
17.93	184.71	17.78	13.72
61.82	185.01	19.56	13.41
26.16	185.32	21.84	14.63
86.82	185.32	23.11	15.24
163.02	185.32	19.56	17.98
9.7	185.62	15.49	11.28
176.73	185.62	20.83	16.76
174.9	186.23	14.99	14.63
2.69	186.84	22.35	15.85
70.66	187.15	19.3	13.72
25.86	187.45	24.38	14.63
105.1	187.45	21.84	15.85
48.72	187.76	11.68	10.67
156.31	187.76	24.38	18.29
8.79	188.06	16.26	13.41
76.15	188.37	17.53	11.89
79.81	188.98	21.84	13.41
47.8	189.28	18.54	14.33
6.04	189.59	21.84	15.54
157.23	189.89	15.75	13.41
49.63	190.2	19.05	14.02
40.49	190.5	22.35	15.85
19.15	190.8	16.76	11.89
67	190.8	18.54	14.02
29.51	191.11	45.97	23.16
60.3	191.11	23.37	17.68
143.2	191.11	23.62	17.68
73.1	192.33	16.76	14.33
1.78	192.94	17.78	12.8
21.89	193.24	13.46	11.58
191.67	193.24	15.75	13.11
19.46	193.85	13.97	11.28
166.98	193.85	17.02	15.85
55.42	194.16	18.29	15.85
90.78	194.16	29.21	18.9
17.02	194.77	15.49	12.8
45.36	195.07	24.38	15.85
25.86	195.38	14.99	13.41
18.24	195.99	19.81	14.63
131.93	195.99	84.07	29.87
64.87	196.29	17.78	15.24
3.61	196.6	12.45	10.06
40.79	196.6	21.59	15.54
67.92	196.9	16.51	12.5
104.5	197.21	12.95	13.11
142.6	197.21	13.72	13.72
6.65	197.51	11.68	12.19
74.32	197.51	25.4	17.37
45.67	197.82	17.78	12.8
139.85	197.82	12.19	12.8
88.34	198.12	18.8	11.89
41.1	198.42	16.26	11.89
10.92	198.73	15.49	12.19
141.99	198.73	18.29	14.63
52.07	199.34	17.27	13.11
141.38	199.34	16.26	13.41
77.98	199.64	15.75	10.36
93.22	199.95	17.53	12.19
76.45	0	20.07	15.54
60.3	0.3	21.59	14.63
69.44	0.61	26.92	20.42
148.69	0.61	17.53	13.72
44.14	0.91	24.13	17.37
67	0.91	17.27	16.15
30.73	1.22	12.45	11.58
144.73	1.22	14.73	9.45
180.09	1.22	13.46	14.02
72.8	1.52	20.83	17.07
134.06	1.83	16.51	11.89
103.28	2.13	17.02	13.72
138.63	2.44	18.29	12.19
161.49	2.74	25.91	15.24
158.75	3.05	19.05	13.72
33.17	3.66	13.46	9.14
141.99	3.96	21.08	15.85
198.37	4.27	14.73	12.8
48.11	4.57	14.22	11.89
132.84	4.88	16.26	12.19
32.87	5.18	14.99	10.67
63.04	5.49	11.68	9.14
53.9	5.79	28.45	17.98
50.24	6.1	15.75	12.5
115.77	6.1	19.81	14.63
188.32	6.1	27.94	16.46
177.95	6.71	14.22	12.19
44.45	7.01	19.3	14.94
71.58	7.62	14.22	12.5
156.92	7.62	19.81	13.11
61.21	7.92	22.1	15.24
114.55	7.92	16.51	13.72
68.22	8.23	13.46	11.58
57.25	8.53	12.19	9.14
120.95	9.14	24.64	17.07
183.13	9.14	26.92	19.81
174.29	9.45	26.42	15.85
149	9.75	15.75	12.19
28.6	10.06	13.21	10.36
3	10.36	19.56	13.11
42.32	10.67	12.95	9.75
36.52	10.97	12.7	10.06
171.55	10.97	14.22	9.14
184.35	10.97	16.51	14.63
63.65	11.58	17.53	14.02
187.71	11.58	31.24	21.95
42.01	12.19	15.49	12.19
132.23	12.19	11.68	9.14
84.68	13.11	15.24	13.41
7.87	13.41	30.23	15.85
65.18	13.41	11.68	8.53
45.36	14.33	12.45	9.75
104.8	14.94	11.68	10.67
170.33	15.24	17.53	13.11
126.75	15.85	11.94	7.32
155.7	15.85	15.24	9.45
77.37	16.15	13.72	11.28
137.11	16.15	11.43	10.67
84.99	16.76	12.45	9.14
170.03	17.07	16	12.5
134.37	17.37	26.16	17.37
83.16	17.68	11.68	9.14
184.66	17.68	18.03	15.54
0.86	17.98	20.32	14.63
178.56	17.98	14.22	11.89
35.61	18.29	11.68	8.84
145.03	18.29	12.19	10.97
173.08	18.29	25.4	15.54
128.57	18.9	15.24	10.36
165.46	18.9	13.46	11.28
172.77	19.51	15.75	10.67
21.59	19.81	15.49	12.5
159.05	19.81	12.95	7.32
27.99	20.12	20.57	13.72
29.21	20.42	19.3	14.94
57.25	20.73	11.43	9.45
127.96	21.03	11.43	10.06
33.48	21.34	17.02	10.67
139.55	21.34	21.34	11.58
184.96	21.34	17.27	13.41
25.55	21.64	11.68	8.23
189.53	21.64	26.67	18.29
194.72	22.56	14.48	13.72
63.35	22.86	19.05	13.11
147.47	23.16	23.88	17.07
51.46	23.47	20.07	16.76
16.71	23.77	15.24	12.5
179.48	23.77	11.43	10.67
97.79	24.08	13.46	10.36
6.65	24.38	12.7	11.28
44.14	24.38	26.92	13.72
19.46	24.69	14.99	12.19
120.65	24.69	13.46	11.28
182.83	24.69	26.42	15.85
48.41	24.99	19.81	14.63
144.42	24.99	20.57	14.63
177.04	25.3	16.51	12.5
34.09	25.6	12.7	11.58
71.88	25.6	14.73	13.11
169.72	25.6	16	12.19
16.41	25.91	13.97	11.28
113.64	25.91	14.22	11.28
33.48	26.21	20.83	14.63
86.82	26.21	12.95	11.89
102.36	26.52	12.7	10.67
174.9	26.52	14.22	12.19
172.47	26.82	14.22	11.89
34.39	27.43	13.97	15.85
30.73	27.74	13.97	11.58
76.76	27.74	13.72	13.41
35.31	28.04	14.73	15.54
124.31	28.04	24.89	15.85
66.7	28.35	23.37	15.85
77.98	28.35	11.43	10.36
184.96	28.35	13.72	11.28
70.66	28.65	13.21	13.41
172.77	28.65	14.48	12.5
39.27	28.96	15.24	12.5
165.76	28.96	12.19	10.06
55.12	29.26	11.94	10.06
159.66	29.26	15.49	11.28
82.24	29.57	17.27	13.41
135.28	29.57	19.05	16.46
195.02	29.57	17.27	11.89
42.01	29.87	14.22	13.11
17.93	30.18	11.68	11.58
114.86	30.18	22.35	16.46
63.04	30.48	14.22	11.58
11.84	30.78	23.37	14.63
179.17	30.78	18.03	13.41
25.55	31.09	13.21	10.36
76.15	31.09	15.49	12.19
166.98	31.09	10.67	9.75
106.93	31.39	16.26	14.94
159.05	31.39	12.7	11.89
111.2	31.7	16.76	15.54
175.51	31.7	15.75	12.8
56.95	32	15.24	12.8
77.06	32.31	12.19	12.19
164.85	32.92	12.45	11.89
70.36	33.22	15.24	13.41
191.67	33.22	16.76	8.23
27.99	33.53	16.51	14.33
144.73	33.53	28.96	16.15
62.13	33.83	15.24	11.89
141.68	33.83	11.94	10.67
95.35	34.14	21.84	15.54
45.36	34.44	16.51	13.11
70.97	34.44	13.46	11.58
77.98	35.05	11.68	11.58
27.38	35.36	13.46	8.23
172.16	35.36	12.7	13.11
9.7	35.66	18.03	13.41
101.45	35.66	12.19	10.06
10.01	35.97	14.22	12.19
168.81	36.27	15.75	13.41
138.63	36.58	15.49	12.5
124.31	36.88	19.3	13.72
63.04	37.19	17.53	12.19
141.07	37.19	14.48	11.89
120.95	37.49	12.7	11.58
48.41	37.8	14.48	13.41
167.28	37.8	16.26	10.36
52.98	38.1	12.7	14.02
108.76	38.4	24.89	15.54
73.71	38.71	13.72	10.97
58.17	39.01	13.97	13.41
173.38	39.32	14.99	11.28
73.1	39.62	15.49	10.97
136.19	39.62	50.55	25.3
165.76	39.62	13.72	11.58
56.03	39.93	20.32	13.41
104.8	39.93	20.32	14.63
136.19	39.93	42.16	23.16
13.36	40.23	14.48	14.02
133.76	40.54	15.24	11.28
92.61	41.15	12.95	10.67
191.97	41.15	11.68	11.58
32.56	41.45	17.02	11.89
176.73	41.45	71.12	32.31
29.82	41.76	16.51	11.28
95.05	41.76	13.21	11.28
22.81	42.06	17.78	13.72
73.41	42.06	27.18	15.54
37.44	42.37	13.97	11.89
100.84	42.37	11.43	10.67
132.84	42.37	21.08	13.72
116.69	42.67	19.3	15.24
82.55	42.98	12.45	10.97
113.33	42.98	11.94	14.02
77.06	43.28	21.59	15.24
128.27	43.28	12.19	7.92
94.74	43.59	13.21	11.28
189.23	43.59	12.7	11.58
73.41	44.2	12.7	13.41
120.04	44.2	28.45	18.29
159.05	44.2	13.97	12.19
81.33	44.5	13.21	11.28
76.45	44.81	13.21	10.97
161.8	44.81	16.51	13.41
35.31	45.11	11.43	8.84
92.61	45.11	12.95	11.28
164.24	45.11	12.19	13.41
16.71	45.42	25.4	14.33
57.25	45.72	17.53	15.24
132.54	46.02	13.97	13.41
199.59	46.02	17.53	15.54
87.73	46.63	13.97	10.06
131.01	46.63	23.37	17.07
4.22	46.94	23.62	15.54
26.77	47.24	14.22	11.28
114.55	47.55	14.73	13.11
175.51	47.55	12.19	10.06
59.99	47.85	12.19	9.75
182.52	47.85	24.13	14.33
57.56	48.77	17.78	13.72
66.7	49.07	12.45	12.19
111.51	49.07	15.75	11.28
42.93	49.38	24.89	13.41
76.76	49.68	11.94	10.36
84.38	49.99	13.21	13.41
126.44	49.99	15.75	11.89
193.8	49.99	37.34	20.73
4.22	50.29	13.21	11.58
52.68	50.29	26.42	16.15
95.05	50.29	11.43	9.75
149.91	50.29	16.26	13.72
97.18	50.6	13.97	10.97
145.95	50.9	15.49	12.5
160.88	50.9	12.7	12.19
81.03	51.21	17.02	11.28
107.54	51.21	15.24	14.33
37.74	51.51	18.29	13.11
121.56	51.51	17.53	14.94
165.15	52.12	18.29	14.94
91.69	52.43	12.45	9.45
169.72	52.43	16	12.8
67.61	52.73	12.45	10.97
105.71	52.73	15.24	13.41
57.25	53.04	11.43	10.06
167.89	53.04	16.76	14.02
37.44	53.34	14.73	11.58
165.15	53.34	13.97	13.41
137.41	53.64	17.53	13.41
145.95	53.95	20.57	15.85
161.49	54.25	21.84	14.33
192.28	54.25	13.97	11.89
46.58	54.56	11.94	11.28
189.84	54.56	16.76	13.11
59.38	54.86	16.26	12.5
80.72	54.86	14.99	10.97
119.43	54.86	14.48	13.72
20.68	55.17	11.43	10.67
60.3	55.17	13.72	8.84
184.96	55.17	13.72	11.28
5.74	55.47	14.22	11.89
80.72	55.47	11.94	9.75
199.29	55.47	12.7	10.97
59.08	55.78	17.53	13.41
42.62	56.08	13.21	8.84
105.1	56.08	13.46	12.8
12.75	56.39	17.53	11.58
31.04	56.39	17.53	12.5
63.65	56.39	11.94	10.06
2.69	56.69	28.96	15.85
51.76	56.69	13.97	12.19
93.83	56.69	14.73	11.58
133.45	56.69	20.57	15.54
178.56	56.69	22.86	15.85
70.97	57	19.05	14.33
110.59	57.3	16.76	12.5
191.06	57.3	26.67	15.54
29.51	57.61	16	12.19
170.94	57.61	12.7	12.19
114.86	58.52	22.1	15.54
113.33	59.74	14.99	10.97
135.89	60.35	11.43	12.19
177.04	60.66	12.19	8.53
6.65	61.26	27.18	15.24
99.01	61.26	14.22	11.89
72.8	61.57	16.76	12.19
135.89	61.57	19.81	13.41
3.91	61.87	15.49	11.28
124.31	61.87	16.51	13.11
192.89	61.87	16.26	13.41
62.13	62.18	13.21	11.28
154.79	62.18	12.19	8.84
191.06	62.18	14.73	12.8
39.57	62.48	16.26	13.72
115.47	63.09	73.66	24.69
37.13	63.4	14.48	10.67
122.48	63.4	14.22	10.06
173.08	63.4	14.99	11.58
17.02	63.7	17.27	12.19
5.74	64.31	13.72	10.36
131.93	64.31	15.24	9.75
168.2	64.62	11.43	9.45
0.86	64.92	14.73	11.28
77.67	64.92	12.95	10.06
176.73	64.92	11.94	9.45
20.07	65.23	17.78	12.8
198.68	65.23	14.48	12.5
136.5	65.53	22.1	14.02
92.61	65.84	11.68	10.36
193.19	65.84	21.34	11.89
61.21	66.14	18.8	13.72
99.31	66.45	11.43	7.92
134.37	66.75	18.29	14.02
184.66	66.75	16.76	13.11
41.71	67.06	15.24	12.8
101.75	67.06	24.13	12.19
37.74	67.36	12.45	8.84
142.29	67.36	20.57	14.02
52.07	67.67	12.7	10.06
150.22	67.67	68.58	22.56
44.45	68.28	17.27	12.8
126.75	68.28	13.46	10.06
122.17	68.58	16.51	11.28
40.49	68.88	12.45	11.58
87.43	69.19	26.67	13.72
48.11	69.49	13.46	10.36
10.92	69.8	17.53	11.89
157.23	69.8	14.73	9.75
22.5	70.41	12.45	9.45
186.79	70.41	20.07	14.63
30.73	70.71	20.07	13.72
93.22	70.71	11.43	9.14
71.58	71.32	11.94	9.75
179.48	71.32	11.94	10.36
111.2	71.63	13.46	8.84
10.01	71.93	20.32	15.54
99.01	71.93	12.19	7.92
179.48	72.24	12.19	10.06
3.91	72.54	13.21	11.28
184.66	72.54	21.08	14.02
83.16	73.15	13.97	8.84
116.08	73.15	17.78	12.8
54.2	73.76	16.26	13.41
144.73	73.76	17.53	12.8
164.24	74.07	11.94	8.23
65.18	74.37	14.99	11.89
86.21	74.37	14.48	10.67
61.52	74.68	13.21	12.19
131.32	74.68	20.32	14.63
121.26	74.98	26.42	16.46
185.57	74.98	14.48	11.58
4.52	75.29	14.22	10.67
67.92	75.29	11.68	9.75
149.3	75.59	14.48	11.58
78.59	76.5	14.73	10.36
198.07	76.5	25.91	18.59
67	76.81	12.7	11.28
165.15	76.81	12.19	10.36
79.2	77.11	11.43	8.23
198.37	77.11	10.92	8.84
45.36	77.42	15.49	10.97
70.97	77.72	16.26	11.28
114.25	78.03	16.26	12.8
88.04	78.33	17.02	12.8
47.5	78.64	13.21	11.58
176.73	78.64	13.72	11.89
66.4	78.94	16.76	10.06
168.2	78.94	11.43	11.89
154.79	79.25	68.58	22.56
20.37	79.55	21.34	14.33
106.63	79.55	13.97	8.53
32.26	79.86	13.21	10.67
74.93	79.86	19.3	12.5
134.67	79.86	11.94	9.75
11.53	80.16	13.97	11.89
27.99	80.47	17.53	12.8
52.98	80.77	11.43	9.75
127.96	80.77	24.13	16.76
171.55	81.38	16.26	12.19
48.72	81.69	15.24	11.89
141.07	81.69	14.99	11.28
49.94	81.99	12.19	9.75
178.26	81.99	17.27	14.33
74.93	82.3	12.19	8.53
131.62	82.3	24.64	16.76
61.52	82.6	16	12.19
141.99	82.6	11.43	9.45
3.61	82.91	15.75	12.8
92.91	83.21	20.57	14.02
77.67	83.82	16.51	12.5
127.05	83.82	21.59	14.63
44.14	84.12	19.05	12.19
95.66	84.12	12.45	10.36
104.8	84.43	16	9.14
113.94	84.73	21.84	12.19
81.33	85.04	11.43	8.53
168.2	85.04	19.81	16.46
89.56	85.34	16	12.19
188.62	85.34	13.72	10.36
146.86	85.65	15.24	12.19
128.88	85.95	14.99	13.41
86.82	86.26	20.32	11.89
54.81	86.56	19.05	13.11
191.67	86.87	13.46	10.06
20.68	87.48	17.02	12.8
135.58	87.48	21.34	13.41
58.17	87.78	15.75	12.5
82.85	88.09	18.29	11.28
112.72	88.09	26.67	16.15
91.39	88.39	19.3	11.89
98.7	89	21.59	12.8
105.71	89.31	26.67	21.03
159.36	89.61	14.73	13.72
35.92	90.22	17.02	12.19
81.94	90.22	21.08	14.02
196.24	90.22	11.43	8.53
98.4	90.53	16.26	10.67
170.33	90.53	11.68	11.28
42.32	90.83	17.78	12.5
64.87	90.83	20.57	13.11
41.4	91.14	23.37	16.76
167.59	91.44	14.99	13.11
78.59	92.05	12.45	9.75
12.75	92.35	17.27	12.19
91.39	92.35	18.03	11.58
193.5	92.66	11.68	9.45
110.29	92.96	27.18	14.33
164.24	92.96	25.91	21.95
18.24	93.27	11.68	9.14
72.19	93.27	19.3	13.72
10.62	93.57	14.22	11.28
30.73	93.57	26.67	14.63
75.84	93.57	17.02	11.58
125.83	93.88	24.38	14.33
1.78	94.79	14.48	10.67
148.39	94.79	21.84	13.72
50.24	95.1	15.75	12.19
52.37	95.4	16.26	11.89
150.22	95.4	14.22	9.45
189.23	95.4	12.45	10.67
104.8	95.71	13.72	11.28
15.49	96.01	24.13	10.97
77.98	96.01	19.3	11.58
85.6	96.32	15.24	11.28
199.29	96.32	19.05	14.63
173.38	96.62	13.46	11.89
170.03	97.23	22.1	14.63
75.23	97.54	13.72	9.14
117.91	97.84	17.27	14.02
37.44	98.15	15.49	10.67
197.76	98.15	14.73	14.63
1.17	98.45	13.46	10.36
134.98	98.45	28.45	17.07
193.8	98.45	24.38	17.37
166.06	98.76	19.05	15.85
67.92	99.36	14.48	9.14
5.74	99.67	15.75	11.58
162.1	99.67	12.19	8.53
102.36	99.97	20.32	16.46
0.25	100.58	12.19	8.84
64.57	100.58	18.8	12.8
77.37	100.89	16	11.89
60.3	101.5	24.64	14.33
187.4	101.5	13.46	9.75
152.04	101.8	13.72	9.75
15.8	102.11	14.22	12.5
160.27	102.11	12.7	9.75
62.43	102.41	17.02	12.19
152.35	102.41	11.68	6.71
47.19	102.72	14.48	10.97
162.41	102.72	12.95	10.36
151.74	103.02	15.49	10.36
122.78	103.33	15.75	13.72
149.91	103.33	13.97	10.36
22.81	103.63	21.08	13.72
63.04	103.63	17.02	13.11
191.97	103.94	26.16	16.76
8.79	104.24	14.99	9.14
178.26	104.24	15.75	10.06
70.97	104.55	26.16	17.98
35.92	105.16	11.94	10.06
64.26	105.16	12.19	11.28
52.37	105.46	14.22	10.06
44.75	105.77	21.59	14.02
134.06	105.77	23.11	12.8
96.88	106.38	16.26	9.75
32.26	106.68	11.94	9.14
36.52	106.68	18.29	11.89
71.88	106.68	20.83	13.72
133.15	106.68	12.95	10.36
165.46	106.68	16.26	14.02
21.89	106.98	13.97	10.97
25.55	107.29	26.42	12.8
174.29	107.29	16.51	13.72
165.46	107.59	15.24	12.8
163.02	107.9	19.81	14.94
186.49	107.9	17.53	11.28
59.08	108.2	16.76	11.58
13.97	108.51	15.24	10.36
47.19	108.51	16.51	10.67
145.34	108.51	16.76	11.89
101.75	109.42	19.81	13.11
55.73	109.73	14.99	10.97
81.64	109.73	17.53	11.89
133.45	109.73	16	12.8
20.07	110.03	19.81	15.24
56.64	110.34	20.57	13.72
73.1	110.34	36.83	20.42
68.83	110.64	30.73	20.73
9.7	110.95	19.81	12.8
66.7	111.86	21.59	15.85
23.72	112.17	15.24	12.19
33.17	112.47	15.49	11.58
167.89	112.47	9.14	6.1
31.95	112.78	28.19	16.15
95.35	112.78	20.32	14.02
45.06	113.08	12.19	7.01
50.85	113.39	13.72	12.5
139.85	113.69	12.95	12.19
34.09	114	13.97	10.36
167.59	114	19.81	14.02
161.8	114.3	19.05	14.33
30.73	114.6	13.72	8.84
74.93	114.6	12.45	9.75
138.63	114.91	17.02	14.33
73.1	115.21	12.7	9.75
6.65	115.52	22.35	11.28
52.98	115.52	18.29	14.02
180.7	115.52	30.48	20.42
49.02	115.82	11.43	9.75
139.55	115.82	17.78	14.63
58.47	116.13	13.21	11.89
178.87	116.43	15.49	12.8
46.28	116.74	11.94	8.23
63.04	117.04	16.51	12.5
30.43	117.35	14.99	9.45
67.31	117.35	29.46	17.68
177.04	117.35	18.54	13.11
125.53	117.65	19.3	15.54
157.53	117.96	12.19	9.14
99.92	118.26	18.8	11.89
53.29	118.57	13.72	10.36
128.88	118.57	35.31	23.47
185.88	118.57	19.81	15.85
109.98	118.87	20.07	17.07
27.38	119.18	16.51	9.75
101.75	119.18	12.7	10.06
167.59	119.18	15.75	12.5
113.94	119.48	17.02	8.84
136.5	119.79	28.45	20.12
185.27	119.79	16	11.58
162.1	120.09	26.92	16.76
25.55	120.4	14.99	13.11
29.51	120.7	13.72	9.45
58.17	120.7	13.97	10.36
71.58	121.01	12.19	11.58
124.31	121.31	25.65	15.54
168.5	121.31	17.78	17.37
37.74	121.62	17.78	13.11
100.23	121.92	12.7	13.41
28.3	122.22	13.72	10.67
70.36	122.22	16	10.97
18.85	122.53	14.73	10.36
63.35	122.53	14.73	11.58
92.61	122.83	11.43	8.23
127.36	123.44	14.73	10.97
28.3	124.05	18.8	13.11
173.99	124.36	12.7	9.75
32.26	124.66	26.67	14.63
62.43	124.97	15.49	9.75
145.03	124.97	18.03	14.63
118.52	125.88	49.28	26.21
25.55	126.49	13.97	12.19
168.81	126.8	36.32	22.56
135.58	127.41	11.68	7.01
43.54	127.71	11.43	10.36
94.13	128.02	44.96	21.95
179.78	128.32	38.35	22.25
161.19	128.63	23.88	19.81
13.06	128.93	15.49	14.02
171.55	128.93	17.27	14.02
37.74	129.24	17.53	13.72
99.31	129.24	12.19	8.23
80.11	129.54	12.7	10.36
24.03	129.84	13.46	11.28
3.3	130.45	11.68	12.19
58.47	130.45	27.18	17.07
12.75	130.76	20.32	16.46
142.6	130.76	13.21	9.14
159.97	131.06	18.54	16.76
42.01	131.37	13.21	12.19
82.85	131.67	24.89	16.76
139.55	131.98	23.37	17.68
10.31	132.89	27.18	18.29
145.95	132.89	14.22	10.97
15.19	133.2	23.62	15.85
137.11	134.72	27.18	18.59
174.9	135.03	16	13.41
68.83	135.33	16.76	13.72
3	135.64	13.21	13.72
134.06	135.64	18.54	15.85
105.41	136.25	12.19	8.23
10.31	136.86	11.43	12.5
157.23	136.86	12.45	9.75
11.53	137.16	18.29	15.54
173.08	137.16	49.53	27.43
87.43	137.46	24.38	16.15
167.89	137.46	40.64	23.47
74.93	137.77	12.7	12.19
95.35	138.07	23.11	16.15
6.04	138.38	17.02	13.72
160.88	138.38	14.99	15.24
86.51	138.68	25.65	17.07
101.14	138.99	18.03	17.68
79.5	139.29	16	13.41
84.07	140.21	31.24	16.46
161.19	140.21	17.27	14.33
32.26	140.51	18.29	13.72
70.36	140.82	24.13	19.51
80.11	140.82	21.34	18.29
61.52	141.43	16.76	11.28
110.59	141.73	22.1	16.46
35.92	142.04	18.29	15.54
181.61	142.04	17.53	13.72
5.44	142.34	18.8	15.85
117.6	142.34	25.65	18.59
77.67	142.65	17.02	15.85
35.61	142.95	12.7	9.75
189.23	142.95	13.97	10.97
34.7	143.56	22.35	17.07
191.06	143.87	16.76	13.11
8.48	144.17	14.22	16.46
67.92	144.17	19.81	14.63
160.58	145.08	45.97	26.52
116.38	145.39	20.32	15.85
17.93	145.69	14.48	13.41
47.5	145.69	12.95	11.28
5.44	146	18.54	14.94
74.32	146	34.8	21.34
79.5	146.3	17.53	15.85
115.47	146.61	17.78	14.94
32.56	147.52	11.94	11.28
105.71	147.52	27.94	19.2
43.23	147.83	18.8	12.8
16.41	148.13	14.73	13.11
51.16	148.13	16.76	15.24
10.31	148.44	19.05	14.02
95.96	148.44	34.8	20.12
52.07	148.74	16.26	14.94
43.23	149.35	17.78	15.24
91.08	150.27	17.02	14.33
27.69	150.57	11.94	11.28
63.65	150.88	18.54	17.07
30.43	151.18	13.72	11.89
27.38	151.49	16.51	11.28
96.88	151.49	20.32	18.59
43.84	151.79	18.54	13.11
2.69	152.1	35.05	20.12
37.74	152.4	12.45	9.75
119.43	152.7	27.69	16.76
95.05	153.01	19.81	16.76
122.78	153.31	33.27	21.03
49.63	154.53	18.8	19.2
118.21	154.53	28.45	20.12
73.41	154.84	12.19	11.89
51.76	155.45	19.81	16.15
43.84	155.75	16.26	13.11
105.1	156.36	22.35	15.24
51.16	156.97	22.1	16.46
40.79	157.58	23.11	16.76
46.58	157.58	16.51	14.63
2.69	158.19	27.94	15.85
41.1	158.5	18.03	11.58
131.01	158.5	16.26	13.41
7.57	158.8	13.21	12.5
55.73	159.41	15.24	15.54
115.16	159.72	25.65	17.07
145.34	160.02	67.06	26.52
0.25	160.32	12.45	11.89
112.42	160.32	16.51	14.02
85.29	160.63	13.21	10.06
54.81	160.93	20.07	15.85
118.82	161.54	13.72	14.33
12.75	161.85	13.46	11.58
63.04	162.15	16.51	14.33
62.43	162.46	12.19	14.33
164.54	162.46	14.48	10.67
60.91	163.07	13.97	12.5
42.32	163.68	16.26	12.5
162.1	164.29	18.29	13.72
35.61	164.9	12.95	11.89
34.09	165.2	24.13	15.85
118.52	165.51	18.54	17.68
165.76	165.51	13.21	9.14
25.25	166.12	24.64	14.63
49.63	166.42	22.86	17.07
41.1	166.73	21.59	14.33
27.69	167.34	15.75	12.5
128.88	167.34	28.7	21.03
0.25	167.64	19.3	13.11
35	167.64	16.76	12.19
93.22	167.64	19.56	14.33
6.96	168.25	13.46	14.33
48.41	168.25	12.19	11.58
27.08	168.86	11.43	10.36
47.19	168.86	14.73	12.19
22.2	169.47	19.81	14.33
125.83	169.47	20.57	14.63
86.21	170.08	11.43	8.53
128.57	170.08	15.24	15.54
100.53	170.38	12.19	10.36
135.28	170.69	84.07	28.96
30.12	170.99	13.21	8.84
11.23	171.3	14.22	10.97
74.93	171.3	15.75	11.58
183.13	171.3	13.46	10.36
20.37	171.6	22.35	13.72
53.59	171.91	11.94	10.67
82.55	171.91	16	13.72
77.98	172.52	17.27	14.33
162.71	173.13	15.75	14.94
13.66	173.43	21.59	13.41
30.43	173.74	11.43	9.45
127.36	174.04	16.26	14.33
113.94	174.35	25.91	20.12
49.02	174.96	17.53	11.89
106.93	175.26	24.13	18.59
57.86	175.56	15.75	15.24
42.32	175.87	27.43	14.02
138.94	175.87	67.31	27.43
177.34	175.87	27.18	19.2
54.81	176.17	16.76	14.33
126.14	176.17	17.02	15.85
57.25	176.48	15.24	15.24
100.84	176.48	19.56	15.54
102.67	176.78	17.78	14.33
44.14	177.09	14.48	8.23
122.17	177.09	24.38	20.42
101.14	178	18.8	15.24
107.85	178.61	19.81	15.54
12.45	178.92	16.26	12.8
158.75	178.92	14.99	15.24
100.84	179.53	13.21	10.67
38.96	179.83	11.68	8.84
2.08	180.14	11.43	11.28
10.62	180.44	16	12.5
122.17	180.44	22.86	16.15
82.24	180.75	11.94	10.97
20.07	181.05	16.51	15.24
79.2	181.05	14.73	11.58
64.87	181.36	19.81	19.51
53.59	181.66	26.67	19.51
117.3	182.27	20.07	16.15
5.74	182.88	11.43	12.5
132.54	182.88	12.45	11.58
192.89	182.88	19.81	17.07
59.38	183.18	21.84	16.76
161.19	183.79	23.88	18.59
198.98	184.1	12.7	10.67
109.37	184.4	23.11	16.76
36.83	184.71	25.65	14.33
50.24	185.01	15.24	13.41
16.1	185.32	20.57	13.41
28.9	185.32	29.97	23.16
100.53	185.32	20.57	16.15
66.09	185.62	13.21	9.75
190.14	185.62	11.94	12.19
122.78	186.54	19.05	14.02
19.76	186.84	24.89	16.46
58.78	187.45	22.61	18.29
81.94	187.76	20.83	15.54
188.62	187.76	37.59	20.12
85.9	188.06	19.05	14.33
18.85	188.37	13.72	11.58
44.14	188.67	27.69	16.15
177.95	188.98	18.29	15.85
128.57	189.28	12.45	10.36
38.66	190.8	14.22	11.89
35	191.11	25.15	14.63
182.22	191.11	18.03	14.33
151.43	192.33	20.83	17.07
89.26	192.63	17.02	13.11
174.6	192.63	13.72	7.62
40.18	192.94	12.95	9.75
172.77	192.94	23.37	14.63
145.03	193.24	11.68	9.75
38.66	193.55	12.95	10.06
103.89	193.55	21.84	14.63
197.15	194.16	63.75	28.04
5.74	194.46	11.94	10.06
105.71	194.77	20.32	14.33
56.95	195.07	12.95	11.28
57.56	195.38	21.84	17.68
141.38	195.68	12.95	10.97
1.17	195.99	16	13.72
35.31	195.99	27.69	18.29
153.87	195.99	22.86	19.81
82.85	196.29	13.21	10.67
6.65	196.6	15.49	12.8
44.45	196.6	12.45	12.19
152.65	196.9	16.26	15.24
187.71	197.21	23.11	14.63
63.35	197.51	27.43	17.98
170.03	197.51	15.49	14.63
51.76	197.82	12.95	11.89
8.18	198.12	13.72	12.19
113.03	198.42	21.34	17.98
27.69	198.73	11.68	9.45
62.43	199.34	13.21	10.97